52 0.28177083333333336 0.6222222222222222 0.14479166666666668 0.2222222222222222
52 0.5677083333333334 0.7925925925925926 0.15625 0.25555555555555554
52 0.5880208333333333 0.8379629629629629 0.13854166666666667 0.32407407407407407
52 0.28125 0.6333333333333333 0.15833333333333333 0.25555555555555554
77 0.5744791666666667 0.725 0.31979166666666664 0.55
77 0.384375 0.8546296296296296 0.16875 0.29074074074074074
20 0.47239583333333335 0.5481481481481482 0.23020833333333332 0.337037037037037
20 0.6213541666666667 0.8305555555555556 0.228125 0.3388888888888889
20 0.3776041666666667 0.8388888888888889 0.16979166666666667 0.3148148148148148
20 0.27447916666666666 0.6305555555555555 0.16354166666666667 0.2462962962962963
