46 0.3140625 0.7138888888888889 0.09895833333333333 0.14629629629629629
46 0.9692708333333333 0.7583333333333333 0.06145833333333333 0.17592592592592593
37 0.3098958333333333 0.7231481481481481 0.08020833333333334 0.12407407407407407
37 0.5807291666666666 0.3287037037037037 0.09479166666666666 0.12407407407407407
37 0.7489583333333333 0.1814814814814815 0.14583333333333334 0.14074074074074075
37 0.8864583333333333 0.26851851851851855 0.06041666666666667 0.08148148148148149
37 0.9666666666666667 0.42962962962962964 0.06666666666666667 0.10740740740740741
37 0.9723958333333333 0.7537037037037037 0.05520833333333333 0.13333333333333333
46 0.32135416666666666 0.7157407407407408 0.11770833333333333 0.17592592592592593
3 0.08697916666666666 0.7175925925925926 0.16145833333333334 0.20555555555555555
