13 0.6307291666666667 0.7379629629629629 0.04895833333333333 0.08333333333333333
13 0.6177083333333333 0.6092592592592593 0.0375 0.1037037037037037
13 0.6213541666666667 0.5101851851851852 0.026041666666666668 0.03888888888888889
13 0.5901041666666667 0.5222222222222223 0.042708333333333334 0.05555555555555555
13 0.6848958333333334 0.7981481481481482 0.017708333333333333 0.037037037037037035
13 0.7291666666666666 0.7046296296296296 0.016666666666666666 0.03148148148148148
13 0.6677083333333333 0.6824074074074075 0.016666666666666666 0.03518518518518519
13 0.5510416666666667 0.7231481481481481 0.1 0.20925925925925926
14 0.578125 0.7185185185185186 0.15625 0.23703703703703705
14 0.5614583333333333 0.7240740740740741 0.16041666666666668 0.1814814814814815
63 0.6682291666666667 0.612037037037037 0.4635416666666667 0.6833333333333333
