30 0.6744791666666666 0.6018518518518519 0.171875 0.12222222222222222
30 0.6213541666666667 0.7685185185185185 0.036458333333333336 0.044444444444444446
30 0.4453125 0.7037037037037037 0.023958333333333335 0.03333333333333333
30 0.5145833333333333 0.7231481481481481 0.022916666666666665 0.05
30 0.6723958333333333 0.6101851851851852 0.184375 0.1388888888888889
30 0.5182291666666666 0.7194444444444444 0.036458333333333336 0.07962962962962963
30 0.4432291666666667 0.7055555555555556 0.040625 0.08148148148148149
30 0.6703125 0.6425925925925926 0.171875 0.24074074074074073
30 0.6671875 0.6046296296296296 0.196875 0.1685185185185185
30 0.47552083333333334 0.7231481481481481 0.11979166666666667 0.12407407407407407
