30 0.5109375 0.7074074074074074 0.026041666666666668 0.07777777777777778
30 0.471875 0.7481481481481481 0.016666666666666666 0.037037037037037035
30 0.4328125 0.7212962962962963 0.03229166666666667 0.027777777777777776
30 0.6692708333333334 0.612037037037037 0.165625 0.10185185185185185
30 0.5921875 0.7648148148148148 0.028125 0.037037037037037035
30 0.6682291666666667 0.6194444444444445 0.18020833333333333 0.1425925925925926
30 0.5875 0.7537037037037037 0.052083333333333336 0.06666666666666667
30 0.5109375 0.7083333333333334 0.04895833333333333 0.11296296296296296
30 0.43333333333333335 0.7185185185185186 0.0375 0.06296296296296296
30 0.4739583333333333 0.7481481481481481 0.0375 0.05555555555555555
30 0.665625 0.6777777777777778 0.19166666666666668 0.28888888888888886
30 0.46822916666666664 0.7351851851851852 0.11354166666666667 0.11851851851851852
30 0.6625 0.6574074074074074 0.17916666666666667 0.24814814814814815
