30 0.465625 0.7018518518518518 0.1125 0.05925925925925926
30 0.5817708333333333 0.7398148148148148 0.021875 0.046296296296296294
30 0.6546875 0.5666666666666667 0.165625 0.11851851851851852
30 0.4984375 0.6833333333333333 0.040625 0.11851851851851852
30 0.4401041666666667 0.7027777777777777 0.07395833333333333 0.07592592592592592
30 0.6598958333333333 0.5740740740740741 0.18229166666666666 0.1111111111111111
30 0.5682291666666667 0.7388888888888889 0.059375 0.05555555555555555
30 0.6473958333333333 0.6509259259259259 0.165625 0.25
30 0.4583333333333333 0.6972222222222222 0.10416666666666667 0.13148148148148148
30 0.6411458333333333 0.5666666666666667 0.184375 0.15925925925925927
