30 0.71875 0.6203703703703703 0.07916666666666666 0.10740740740740741
30 0.5890625 0.6888888888888889 0.023958333333333335 0.037037037037037035
30 0.43125 0.7472222222222222 0.027083333333333334 0.046296296296296294
30 0.478125 0.7703703703703704 0.022916666666666665 0.03333333333333333
30 0.5161458333333333 0.737037037037037 0.028125 0.08518518518518518
30 0.6703125 0.6370370370370371 0.184375 0.15555555555555556
30 0.509375 0.7398148148148148 0.03958333333333333 0.10185185185185185
30 0.44895833333333335 0.7555555555555555 0.08333333333333333 0.08518518518518518
30 0.6609375 0.6444444444444445 0.21770833333333334 0.17407407407407408
30 0.4713541666666667 0.7546296296296297 0.11979166666666667 0.12037037037037036
30 0.6630208333333333 0.6481481481481481 0.17395833333333333 0.17037037037037037
