45 0.7 0.41759259259259257 0.025 0.05
45 0.6708333333333333 0.3851851851851852 0.025 0.040740740740740744
45 0.6854166666666667 0.4740740740740741 0.016666666666666666 0.05925925925925926
45 0.5489583333333333 0.4101851851851852 0.03125 0.05
45 0.5145833333333333 0.06666666666666667 0.03125 0.05555555555555555
45 0.44427083333333334 0.14907407407407408 0.03854166666666667 0.046296296296296294
77 0.4661458333333333 0.14814814814814814 0.2635416666666667 0.29259259259259257
39 0.4588541666666667 0.13148148148148148 0.26979166666666665 0.26296296296296295
15 0.46979166666666666 0.14537037037037037 0.21875 0.29074074074074074
68 0.55625 0.42685185185185187 0.06041666666666667 0.12777777777777777
