45 0.5390625 0.40555555555555556 0.040625 0.07777777777777778
45 0.7098958333333333 0.4148148148148148 0.026041666666666668 0.05925925925925926
45 0.6776041666666667 0.3824074074074074 0.026041666666666668 0.04259259259259259
45 0.6770833333333334 0.45925925925925926 0.03333333333333333 0.06666666666666667
45 0.5208333333333334 0.05185185185185185 0.03125 0.05185185185185185
45 0.45208333333333334 0.13703703703703704 0.0375 0.04814814814814815
77 0.4703125 0.13425925925925927 0.246875 0.26851851851851855
39 0.4703125 0.1259259259259259 0.24895833333333334 0.2518518518518518
15 0.4828125 0.1388888888888889 0.234375 0.2777777777777778
68 0.5520833333333334 0.3925925925925926 0.06458333333333334 0.14074074074074075
