45 0.7026041666666667 0.4074074074074074 0.021875 0.037037037037037035
45 0.6703125 0.3824074074074074 0.028125 0.046296296296296294
45 0.678125 0.46574074074074073 0.0375 0.07222222222222222
45 0.5578125 0.4203703703703704 0.036458333333333336 0.04814814814814815
45 0.5140625 0.06481481481481481 0.036458333333333336 0.04814814814814815
45 0.44375 0.15 0.04791666666666667 0.05185185185185185
77 0.46145833333333336 0.14444444444444443 0.26458333333333334 0.2851851851851852
39 0.46770833333333334 0.13055555555555556 0.2604166666666667 0.2611111111111111
15 0.4744791666666667 0.12685185185185185 0.240625 0.2537037037037037
68 0.5557291666666667 0.41944444444444445 0.059375 0.12037037037037036
