45 0.5494791666666666 0.4111111111111111 0.030208333333333334 0.04814814814814815
45 0.6723958333333333 0.37962962962962965 0.03854166666666667 0.05555555555555555
45 0.7057291666666666 0.4166666666666667 0.021875 0.05185185185185185
45 0.6770833333333334 0.46296296296296297 0.03125 0.037037037037037035
45 0.5119791666666667 0.05648148148148148 0.030208333333333334 0.05
45 0.446875 0.14537037037037037 0.03333333333333333 0.03888888888888889
77 0.4708333333333333 0.12407407407407407 0.23958333333333334 0.24074074074074073
39 0.465625 0.14444444444444443 0.25625 0.28888888888888886
15 0.4713541666666667 0.14166666666666666 0.215625 0.2833333333333333
68 0.5489583333333333 0.41944444444444445 0.06875 0.12407407407407407
