45 0.5536458333333333 0.4 0.046875 0.08518518518518518
45 0.6729166666666667 0.38055555555555554 0.03333333333333333 0.046296296296296294
45 0.7083333333333334 0.412962962962963 0.020833333333333332 0.05185185185185185
45 0.6770833333333334 0.4666666666666667 0.03125 0.05185185185185185
45 0.5161458333333333 0.046296296296296294 0.034375 0.05555555555555555
45 0.4479166666666667 0.1361111111111111 0.0375 0.04259259259259259
77 0.46979166666666666 0.15925925925925927 0.2375 0.3037037037037037
39 0.4640625 0.1259259259259259 0.253125 0.2518518518518518
15 0.46197916666666666 0.1287037037037037 0.20729166666666668 0.2574074074074074
68 0.5567708333333333 0.4009259259259259 0.090625 0.16111111111111112
