6 0.5447916666666667 0.4842592592592593 0.27708333333333335 0.43148148148148147
51 0.48020833333333335 0.4962962962962963 0.07083333333333333 0.12222222222222222
51 0.49947916666666664 0.3972222222222222 0.034375 0.07222222222222222
51 0.5192708333333333 0.44537037037037036 0.03229166666666667 0.07592592592592592
51 0.5760416666666667 0.4212962962962963 0.04375 0.07592592592592592
51 0.6 0.5064814814814815 0.03958333333333333 0.05740740740740741
51 0.5494791666666666 0.4861111111111111 0.042708333333333334 0.06481481481481481
51 0.51875 0.5333333333333333 0.05416666666666667 0.09259259259259259
51 0.5109375 0.4787037037037037 0.21770833333333334 0.22407407407407406
51 0.7161458333333334 0.4861111111111111 0.06979166666666667 0.22777777777777777
6 0.5421875 0.47685185185185186 0.2677083333333333 0.4685185185185185
