7 0.33697916666666666 0.03796296296296296 0.159375 0.06111111111111111
7 0.28177083333333336 0.1111111111111111 0.14479166666666668 0.07777777777777778
7 0.221875 0.23981481481481481 0.13958333333333334 0.13518518518518519
7 0.15833333333333333 0.3351851851851852 0.13125 0.07777777777777778
7 0.08854166666666667 0.41759259259259257 0.06458333333333334 0.09814814814814815
7 0.6302083333333334 0.15462962962962962 0.24791666666666667 0.29074074074074074
7 0.7057291666666666 0.2824074074074074 0.21770833333333334 0.26851851851851855
7 0.821875 0.47314814814814815 0.20625 0.387037037037037
7 0.9026041666666667 0.65 0.14479166666666668 0.31851851851851853
7 0.953125 0.7916666666666666 0.09375 0.2537037037037037
