58 0.621875 0.9009259259259259 0.09375 0.17222222222222222
58 0.4505208333333333 0.8925925925925926 0.08854166666666667 0.17037037037037037
23 0.44895833333333335 0.9 0.10833333333333334 0.18888888888888888
23 0.6151041666666667 0.8916666666666667 0.13020833333333334 0.20555555555555555
23 0.44427083333333334 0.8833333333333333 0.08229166666666667 0.18518518518518517
23 0.6270833333333333 0.8833333333333333 0.07291666666666667 0.16296296296296298
126 0.8744791666666667 0.6666666666666666 0.184375 0.21851851851851853
41 0.45729166666666665 0.8777777777777778 0.11875 0.2037037037037037
41 0.6109375 0.8842592592592593 0.10729166666666666 0.23148148148148148
4 0.46145833333333336 0.8851851851851852 0.11875 0.22962962962962963
