58 0.49947916666666664 0.924074074074074 0.08854166666666667 0.14814814814814814
58 0.33645833333333336 0.9342592592592592 0.1 0.13148148148148148
23 0.3302083333333333 0.9296296296296296 0.11875 0.14074074074074075
23 0.5088541666666667 0.9064814814814814 0.10520833333333333 0.18703703703703703
23 0.34739583333333335 0.9342592592592592 0.11979166666666667 0.13148148148148148
23 0.5098958333333333 0.9175925925925926 0.09270833333333334 0.1648148148148148
126 0.7104166666666667 0.6333333333333333 0.18333333333333332 0.24444444444444444
41 0.496875 0.8953703703703704 0.1125 0.19074074074074074
41 0.3536458333333333 0.9175925925925926 0.12604166666666666 0.1648148148148148
4 0.34739583333333335 0.9166666666666666 0.134375 0.16666666666666666
