6 0.15 0.43148148148148147 0.17916666666666667 0.34074074074074073
11 0.040625 0.1259259259259259 0.07916666666666666 0.1814814814814815
11 0.2234375 0.032407407407407406 0.053125 0.06111111111111111
11 0.28177083333333336 0.2462962962962963 0.11770833333333333 0.18888888888888888
11 0.5619791666666667 0.625 0.04895833333333333 0.08703703703703704
11 0.5416666666666666 0.8768518518518519 0.06666666666666667 0.13148148148148148
11 0.7109375 0.9101851851851852 0.06145833333333333 0.09814814814814815
11 0.7625 0.9268518518518518 0.035416666666666666 0.07592592592592592
43 0.5859375 0.7564814814814815 0.165625 0.42407407407407405
23 0.42604166666666665 0.275 0.10208333333333333 0.2574074074074074
