6 0.259375 0.7342592592592593 0.20416666666666666 0.31666666666666665
11 0.0765625 0.36666666666666664 0.13645833333333332 0.22962962962962963
11 0.31875 0.20555555555555555 0.058333333333333334 0.1259259259259259
11 0.409375 0.4925925925925926 0.125 0.2
11 0.6557291666666667 0.9629629629629629 0.030208333333333334 0.07407407407407407
11 0.7067708333333333 0.9685185185185186 0.04479166666666667 0.06296296296296296
11 0.7494791666666667 0.9629629629629629 0.028125 0.07407407407407407
11 0.7947916666666667 0.9666666666666667 0.03125 0.06666666666666667
11 0.6046875 0.9638888888888889 0.04895833333333333 0.07222222222222222
43 0.6994791666666667 0.7157407407407408 0.23854166666666668 0.4648148148148148
23 0.5510416666666667 0.5027777777777778 0.11458333333333333 0.23148148148148148
