6 0.15989583333333332 0.5509259259259259 0.184375 0.37222222222222223
11 0.553125 0.937962962962963 0.03958333333333333 0.12407407407407407
11 0.6046875 0.9657407407407408 0.03854166666666667 0.06851851851851852
11 0.7223958333333333 0.9546296296296296 0.034375 0.09074074074074075
11 0.7661458333333333 0.9555555555555556 0.03854166666666667 0.08888888888888889
11 0.034895833333333334 0.20462962962962963 0.06770833333333333 0.19814814814814816
11 0.2328125 0.09722222222222222 0.06145833333333333 0.10555555555555556
11 0.3067708333333333 0.35462962962962963 0.11770833333333333 0.17592592592592593
43 0.5708333333333333 0.8018518518518518 0.17291666666666666 0.34074074074074073
23 0.4479166666666667 0.3768518518518518 0.10625 0.2611111111111111
