6 0.2390625 0.6777777777777778 0.21770833333333334 0.337037037037037
11 0.5296875 0.6175925925925926 0.015625 0.06111111111111111
11 0.39010416666666664 0.4638888888888889 0.103125 0.19814814814814816
11 0.28958333333333336 0.16666666666666666 0.05416666666666667 0.1
11 0.07135416666666666 0.33240740740740743 0.140625 0.21296296296296297
11 0.5942708333333333 0.9583333333333334 0.046875 0.08333333333333333
11 0.6458333333333334 0.9574074074074074 0.0375 0.08518518518518518
11 0.7026041666666667 0.9583333333333334 0.03854166666666667 0.08333333333333333
11 0.7505208333333333 0.962037037037037 0.04479166666666667 0.07592592592592592
43 0.640625 0.7101851851851851 0.19375 0.37962962962962965
23 0.5307291666666667 0.46111111111111114 0.10104166666666667 0.23333333333333334
