6 0.26197916666666665 0.7444444444444445 0.21354166666666666 0.35185185185185186
11 0.6109375 0.9629629629629629 0.03229166666666667 0.07407407407407407
11 0.65625 0.9657407407407408 0.03125 0.06851851851851852
11 0.7114583333333333 0.9694444444444444 0.0375 0.06111111111111111
11 0.759375 0.9638888888888889 0.03958333333333333 0.07222222222222222
11 0.8026041666666667 0.9685185185185186 0.036458333333333336 0.06296296296296296
11 0.41822916666666665 0.49444444444444446 0.103125 0.18518518518518517
11 0.08072916666666667 0.36666666666666664 0.13645833333333332 0.2074074074074074
11 0.31875 0.20092592592592592 0.06041666666666667 0.09814814814814815
43 0.7161458333333334 0.700925925925926 0.2635416666666667 0.48703703703703705
23 0.5552083333333333 0.5009259259259259 0.11875 0.2462962962962963
