16 0.6864583333333333 0.34444444444444444 0.10416666666666667 0.1925925925925926
23 0.05 0.3638888888888889 0.1 0.24259259259259258
23 0.35572916666666665 0.11944444444444445 0.07604166666666666 0.22407407407407406
23 0.44114583333333335 0.12037037037037036 0.09270833333333334 0.2111111111111111
23 0.5885416666666666 0.7212962962962963 0.09791666666666667 0.17962962962962964
23 0.06041666666666667 0.35555555555555557 0.11666666666666667 0.17407407407407408
23 0.3489583333333333 0.11574074074074074 0.10625 0.20925925925925926
23 0.4505208333333333 0.12685185185185185 0.12604166666666666 0.19444444444444445
23 0.5859375 0.7231481481481481 0.103125 0.1648148148148148
1 0.44375 0.8 0.14791666666666667 0.4
