6 0.26875 0.7425925925925926 0.21875 0.3851851851851852
11 0.08177083333333333 0.36944444444444446 0.134375 0.20555555555555555
11 0.3151041666666667 0.20185185185185187 0.071875 0.11481481481481481
11 0.421875 0.4962962962962963 0.11875 0.2074074074074074
11 0.6088541666666667 0.9685185185185186 0.04895833333333333 0.06296296296296296
11 0.790625 0.9629629629629629 0.029166666666666667 0.07407407407407407
11 0.6572916666666667 0.9592592592592593 0.03958333333333333 0.08148148148148149
11 0.7104166666666667 0.9685185185185186 0.041666666666666664 0.06296296296296296
11 0.7505208333333333 0.9629629629629629 0.030208333333333334 0.07407407407407407
43 0.7104166666666667 0.7342592592592593 0.25 0.49444444444444446
23 0.5572916666666666 0.5018518518518519 0.11041666666666666 0.23333333333333334
