6 0.2713541666666667 0.7592592592592593 0.19479166666666667 0.3074074074074074
11 0.4239583333333333 0.5064814814814815 0.09791666666666667 0.17962962962962964
11 0.3203125 0.21296296296296297 0.06979166666666667 0.10740740740740741
11 0.08697916666666666 0.39166666666666666 0.140625 0.18703703703703703
11 0.6302083333333334 0.9611111111111111 0.04583333333333333 0.07777777777777778
11 0.6744791666666666 0.9638888888888889 0.036458333333333336 0.07222222222222222
11 0.7291666666666666 0.9629629629629629 0.04791666666666667 0.07407407407407407
11 0.7760416666666666 0.9666666666666667 0.03958333333333333 0.06666666666666667
11 0.8171875 0.9638888888888889 0.030208333333333334 0.06851851851851852
43 0.7130208333333333 0.6990740740740741 0.265625 0.4462962962962963
23 0.559375 0.49722222222222223 0.11666666666666667 0.24259259259259258
