16 0.425 0.09537037037037037 0.10208333333333333 0.19074074074074074
16 0.3770833333333333 0.07777777777777778 0.06458333333333334 0.15555555555555556
16 0.371875 0.487962962962963 0.14583333333333334 0.45740740740740743
16 0.396875 0.3731481481481482 0.09375 0.2759259259259259
16 0.31302083333333336 0.3907407407407407 0.09479166666666666 0.22962962962962963
16 0.3015625 0.48333333333333334 0.10104166666666667 0.35185185185185186
16 0.45729166666666665 0.30462962962962964 0.06041666666666667 0.26851851851851855
16 0.4984375 0.3175925925925926 0.053125 0.2537037037037037
16 0.5296875 0.27685185185185185 0.059375 0.30185185185185187
16 0.5755208333333334 0.28425925925925927 0.053125 0.24259259259259258
