16 0.43125 0.08611111111111111 0.10833333333333334 0.17222222222222222
16 0.3828125 0.07962962962962963 0.07604166666666666 0.14814814814814814
16 0.36770833333333336 0.4824074074074074 0.14791666666666667 0.4648148148148148
16 0.4041666666666667 0.3712962962962963 0.09583333333333334 0.2537037037037037
16 0.3078125 0.475 0.08854166666666667 0.34629629629629627
16 0.3229166666666667 0.40370370370370373 0.075 0.1925925925925926
16 0.45625 0.3138888888888889 0.06666666666666667 0.22037037037037038
16 0.49947916666666664 0.32592592592592595 0.057291666666666664 0.2814814814814815
16 0.5385416666666667 0.28888888888888886 0.0625 0.2851851851851852
16 0.5796875 0.2814814814814815 0.057291666666666664 0.22592592592592592
